Linux 6.3.0-kali1-amd64 (kali) 	05/23/24 	_x86_64_	(4 CPU)

11:18:03    kbmemfree   kbavail kbmemused  %memused kbbuffers  kbcached  kbcommit   %commit  kbactive   kbinact   kbdirty
11:18:04      1945856   2414084   1189452     29.95     99348    503212   4233956     85.19    332480   1108240      6384
11:18:05      1928692   2409336   1187828     29.91    106164    503080   4234440     85.20    339120   1108720      6384
11:18:06      1898648   2401044   1188672     29.93    118296    505400   4291844     86.35    351744   1113136      6432
11:18:07      1692076   2339628   1249088     31.45    126464    623936   4379760     88.12    362148   1296600      5852
11:18:08      1664916   2339488   1248316     31.43    133560    624084   4380164     88.13    369240   1297112     13948
11:18:09      1645636   2334412   1252604     31.54    136924    627280   4401464     88.56    372812   1303924     13964
11:18:10      1563044   2307532   1278196     32.18    142800    663760   4442748     89.39    378572   1366668     14048
11:18:11      1502256   2298324   1286672     32.40    148156    696492   4482224     90.18    384024   1404716     14036
11:18:12      1419768   2276616   1305484     32.87    158628    715256   4679552     94.15    395296   1443524     17904
11:18:13      1335548   2242136   1338300     33.70    161248    731988   4769196     95.96    398336   1496020     17904
11:18:14      1243920   2188540   1384792     34.87    170932    746444   4707632     94.72    408244   1538928     18036
11:18:15      1168932   2141932   1424160     35.86    174828    759768   4818048     96.94    412824   1589084     20996
11:18:16      1075564   2077188   1479672     37.25    177868    773864   4929760     99.19    416272   1658892     22052
11:18:17       988128   2016516   1532864     38.59    180372    791948   5002680    100.65    421076   1718104      2776
11:18:18       894432   1949704   1595224     40.16    185656    802196   6251976    125.79    439500   1777800      2144
11:18:19       827836   1927340   1617716     40.73    191036    824616   5178276    104.19    445452   1821676      4920
11:18:20       747032   1889672   1655384     41.68    197624    850764   5234688    105.32    459032   1880640     13204
11:18:21       704844   1870092   1673276     42.13    202152    861428   5237448    105.38    465104   1904664     15256
11:18:22       667488   1857152   1685600     42.44    210236    862784   5259424    105.82    473124   1917380     16384
11:18:23       641844   1880656   1660468     41.81    216156    873384   5224488    105.12    479324   1890864     18688
11:18:24       572860   1850768   1689116     42.53    223284    877652   5256044    105.75    498504   1909368     24704
11:18:25       502456   1824472   1713804     43.15    231136    877836   5287372    106.38    506468   1935220      9704
11:18:26       572124   1902440   1635132     41.17    240216    862520   5216064    104.95    488996   1871000     12688
11:18:27       549892   1907016   1630040     41.04    248168    862756   5212172    104.87    497016   1865508       628
11:18:28       509040   1898948   1636592     41.21    252508    863608   5213204    104.89    501428   1860040     17948
11:18:29       499188   1914452   1620540     40.80    258108    863476   5211720    104.86    506868   1859908     18404
11:18:30       472924   1915492   1618504     40.75    266980    863760   5208972    104.80    515692   1854384     18396
11:18:31       454112   1917392   1616424     40.70    272904    863652   5209328    104.81    521556   1854828     18428
11:18:32       444780   1918096   1615116     40.66    278600    863664   5211408    104.85    527288   1856256     18428
11:18:33       436268   1920388   1612316     40.59    283732    863908   5203108    104.69    532556   1852084     18428
11:18:34       423316   1919532   1612728     40.60    286792    864544   5205696    104.74    535560   1856928     25608
11:18:35       442572   1955076   1591068     40.06    291264    850060   5139176    103.40    543540   1812696     25608
11:18:36       423308   1958200   1587528     39.97    297224    850396   5140044    103.42    549704   1816104     27976
11:18:37       405444   1958152   1586816     39.95    302012    851408   5124008    103.10    554404   1818028     28872
11:18:38       385620   1952172   1592368     40.09    304884    852368   5143116    103.48    557344   1822752     29704
11:18:39       316264   1897560   1646256     41.45    308944    854336   5216968    104.97    561328   1872728     30868
11:18:40       271252   1870040   1672620     42.11    312024    858820   5956716    119.85    565164   1907080     32160
11:18:41       228464   1851408   1690152     42.55    315432    859952   5289428    106.42    568572   1930736     38364
11:18:42       166008   1815356   1724152     43.41    315448    863540   5338036    107.40    569132   1956124     39272
11:18:43       130240   1798212   1747256     43.99    315464    859900   5408920    108.83    571968   2004288     40352
11:18:44       115224   1752452   1792444     45.13    313308    849760   5457432    109.80    565968   2042396     22384
11:18:45       116856   1703560   1839064     46.30    311568    821244   5931092    119.33    532164   2089868         0
11:18:46       111472   1714440   1829068     46.05    315720    820260   5511412    110.89    543676   2062288       456
11:18:47       119356   1695284   1846420     46.49    316092    803684   5533416    111.33    545472   2059796       736
11:18:48       109872   1690736   1850924     46.60    316308    803100   5533424    111.33    546340   2056252      1336
11:18:49       109368   1690372   1851392     46.61    316312    803232   5535064    111.37    546408   2055788      1480
11:18:50       118844   1698004   1843644     46.42    316140    802300   5537824    111.42    546060   2050236       244
11:18:51       121576   1701016   1841204     46.36    316140    802208   5499340    110.65    546432   2020740       136
11:18:52       115188   1683564   1858340     46.79    315460    796516   5536188    111.39    547200   2052684        80
11:18:53       126000   1684228   1857964     46.78    315324    790292   5549880    111.66    550540   2059396       176
11:18:54       114048   1672324   1869972     47.08    315324    790264   5551364    111.69    550600   2062428       208
11:18:55       114848   1673336   1868524     47.05    315348    790556   5530628    111.28    550800   2023924       684
11:18:56       113084   1671632   1870548     47.10    315348    790496   5530364    111.27    550852   2025664       740
11:18:57       109584   1668136   1874072     47.18    315352    790496   5531252    111.29    550852   2025816       744
11:18:58       108828   1667492   1874720     47.20    315356    790604   5533288    111.33    550880   2022628       840
11:18:59       147720   1706052   1836200     46.23    315356    790220   5533408    111.33    550416   2024620       844
11:19:00       144248   1702532   1839600     46.32    315372    790340   5531232    111.29    550340   2025900       992
11:19:01       140160   1698596   1843456     46.41    315372    790544   5530880    111.28    550496   2025716      1104
11:19:02       139656   1698148   1843972     46.43    315372    790548   5530880    111.28    550540   2025952      1140
11:19:03       139180   1697672   1844504     46.44    315372    790548   5531276    111.29    550544   2025204      1140
11:19:04       126648   1685172   1857128     46.76    315372    790580   5538600    111.44    550548   2037612      1176
11:19:05       121372   1679852   1862144     46.88    315380    790576   5535932    111.38    550548   2036036      1328
11:19:06       113488   1671980   1870224     47.09    315380    790588   5541408    111.49    550536   2038404      1356
11:19:07       112860   1671352   1870900     47.10    315380    790596   5534824    111.36    550548   2030176      1356
11:19:08       112860   1671356   1870844     47.10    315396    790592   5536088    111.39    550572   2032688      1356
11:19:09       123932   1675588   1866404     46.99    315444    786596   5578344    112.24    543504   2075300      1380
11:19:10       125628   1636044   1905436     47.97    314832    766988   5634656    113.37    547048   2080792      1880
11:19:11       111436   1611240   1925736     48.49    314832    760984   5660984    113.90    551384   2092504      2084
11:19:12       129756   1600240   1941432     48.88    314864    743928   5684860    114.38    553200   2085360      2180
11:19:13       123148   1582088   1955316     49.23    314864    740048   5691572    114.51    544560   2105180      2332
11:19:14       136584   1570880   1971284     49.63    314876    728776   5701916    114.72    535032   2115248      2284
11:19:15       135948   1554504   1986736     50.02    314872    719228   5723156    115.15    527952   2130400      2356
11:19:16       144192   1557820   1983580     49.94    314876    717352   5682284    114.33    528016   2111436      2552
11:19:17       138032   1552792   1988744     50.07    314880    718548   5686224    114.41    528160   2119392      2596
11:19:18       134460   1551292   1989944     50.10    314884    720896   5689044    114.46    528184   2121576      4488
11:19:19       140384   1548980   1992700     50.17    314828    715708   5697408    114.63    525396   2131512      5040
11:19:20       151044   1534324   2007804     50.55    310560    705904   5719848    115.08    516680   2142452      6200
11:19:21       163088   1488800   2053892     51.71    296276    686796   5790152    116.50    497728   2173656      6360
11:19:22       156716   1482380   2060176     51.87    296276    687104   5783808    116.37    497796   2165228      6452
11:19:23       158360   1484028   2058508     51.83    296276    687108   5782596    116.35    497808   2151344      6456
11:19:24       174204   1499872   2042656     51.43    296308    687076   5784304    116.38    497796   2152628      3052
11:19:25       191552   1517236   2025084     50.99    296392    687008   5774136    116.18    497944   2123884      2876
11:19:26       208076   1533452   2008900     50.58    296404    686764   5772376    116.14    498056   2112444      2908
11:19:27       207572   1532948   2009392     50.59    296404    686764   5769380    116.08    498056   2112924      2908
11:19:28       206316   1531692   2010716     50.63    296404    686764   5765692    116.01    498052   2107228      2908
11:19:29       213908   1539284   2003116     50.43    296404    686764   5762752    115.95    498060   2097332      2908
11:19:30       213156   1538536   2003864     50.45    296404    686768   5760892    115.91    498056   2092272      2912
11:19:31       212904   1538580   2003812     50.45    296412    687056   5762240    115.94    498064   2094324      2912
11:19:32       212680   1538472   2003464     50.44    296420    687164   5760960    115.91    498144   2087124      2984
11:19:33       211952   1537744   2004260     50.46    296420    687164   5759608    115.88    498152   2086992      2984
11:19:34       209424   1535216   2007076     50.53    296420    687164   5761024    115.91    498156   2090500      2984
11:19:35       207376   1533168   2009152     50.59    296420    687164   5761960    115.93    498148   2101084      2984
11:19:36       232140   1546844   1995484     50.24    295140    681804   5762428    115.94    493812   2097480       176
11:19:37       217700   1532496   2009716     50.60    295152    681908   5764476    115.98    493832   2098688         8
11:19:38       211952   1526728   2015504     50.75    295152    681920   5766648    116.03    493836   2098624        88
11:19:39       207684   1522460   2019740     50.85    295156    681916   5765068    115.99    493852   2099288        88

Average:       439544   1784287   1762908     44.39    272159    764345   5393110    108.51    503965   1923116      8960
Linux 6.3.0-kali1-amd64 (kali) 	05/23/24 	_x86_64_	(4 CPU)

22:15:37    kbmemfree   kbavail kbmemused  %memused kbbuffers  kbcached  kbcommit   %commit  kbactive   kbinact   kbdirty
22:15:38       143976   1318124   2228636     56.11    323860    610008   6029392    121.31    589180   2208744      1704
22:15:39       138192   1325064   2224968     56.02    324592    580340   6033376    121.39    602080   2164048      1952
22:15:40       182372   1349160   2195868     55.29    323656    562776   6018516    121.09    595852   2115140      2740
22:15:41       143064   1269708   2249792     56.64    314964    629008   6259236    125.94    631876   2199088      2864
22:15:42       124480   1261388   2286308     57.56    308428    613856   6158996    123.92    594856   2236988      2992
22:15:43       146552   1263836   2284424     57.52    299120    603568   6181848    124.38    574828   2245928      2748
22:15:44       127284   1235904   2311120     58.19    293684    601912   6206388    124.87    563800   2266972      2968
22:15:45       150576   1241112   2305820     58.06    283204    594220   6194284    124.63    545796   2244180      3516
22:15:46       145576   1240628   2306360     58.07    283228    598792   6197536    124.69    546188   2244092      7724
22:15:47       142584   1180724   2361368     59.45    239212    590984   6790996    136.63    492432   2317624       916
22:15:48       130316   1156944   2389604     60.16    227932    586868   6338252    127.53    479648   2347196      1156
22:15:49       170972   1197488   2348808     59.14    227936    586840   6286912    126.49    479572   2291832      1156
22:15:50       183284   1209988   2336484     58.83    227944    586988   6289612    126.55    479776   2294308      1340
22:15:51       188372   1215080   2331236     58.69    227952    586984   6286928    126.49    479772   2275892      1340
22:15:52       224176   1250892   2295228     57.79    227956    586988   6268248    126.12    479772   2227292       748
22:15:53       208012   1237456   2308276     58.12    227976    589696   6285896    126.47    482748   2245852       828
22:15:54       175152   1204640   2341352     58.95    227980    589720   6326332    127.29    482752   2279768       852
22:15:55       217112   1246620   2298996     57.88    227992    589728   6286624    126.49    482756   2230136       872
22:15:56       213612   1243204   2302472     57.97    228000    589804   6285432    126.46    482840   2229868       936
22:15:57       303232   1332828   2212908     55.72    228004    589804   6241420    125.58    482840   2138528       936
22:15:58       303188   1332792   2212812     55.71    228008    589808   6243288    125.62    482844   2132536       940
22:15:59       301000   1330640   2214932     55.77    228012    589872   6243688    125.62    482952   2133044       988
22:16:00       315644   1345772   2199556     55.38    228016    590504   6246952    125.69    483128   2135320       988
22:16:01       316124   1346492   2199096     55.37    228028    590584   6245524    125.66    483220   2134904       988
22:16:02       311408   1341788   2203856     55.49    228032    590592   6247504    125.70    483232   2136204       996
22:16:03       309924   1340308   2205384     55.53    228036    590592   6245268    125.65    483232   2136136       832
22:16:04       323460   1353868   2191832     55.19    228040    590612   6242976    125.61    483232   2135284       892
22:16:05       319216   1349648   2196052     55.29    228048    590612   6243132    125.61    483236   2135228       892
22:16:06       315956   1346408   2199292     55.37    228052    590612   6243312    125.62    483232   2136268       892
22:16:07       313688   1344152   2201540     55.43    228064    590612   6243608    125.62    483240   2137592       892
22:16:08       309164   1339632   2206068     55.54    228072    590608   6245228    125.65    483252   2140784       468
22:16:09       307400   1338048   2207652     55.58    228080    590780   6243696    125.62    483264   2139984       604
22:16:10       307400   1338132   2207564     55.58    228084    590860   6243156    125.61    483292   2139796       652
22:16:11       306392   1337128   2208572     55.61    228088    590860   6244676    125.64    483296   2142720       652
22:16:12       304684   1335424   2210272     55.65    228100    590852   6246048    125.67    483292   2143304       652
22:16:13       302920   1333672   2212012     55.69    228104    590860   6248368    125.72    483300   2143612       676
22:16:14       302164   1332920   2212592     55.71    228108    590860   6247020    125.69    483304   2143500       536
22:16:15       302164   1332912   2212792     55.71    228124    590836   6245340    125.66    483288   2143376       544
22:16:16       302164   1332920   2212788     55.71    228128    590840   6245760    125.66    483288   2142544       548
22:16:17       302164   1333064   2212644     55.71    228128    590984   6245512    125.66    483288   2141916       584
22:16:18       302164   1333100   2212604     55.71    228128    591020   6244088    125.63    483312   2141928        48
22:16:19       302164   1333104   2212608     55.71    228128    591024   6244092    125.63    483312   2142180        56
22:16:20       302164   1333088   2212624     55.71    228136    591000   6244716    125.64    483320   2142140       104
22:16:21       302164   1333088   2212624     55.71    228136    591000   6244040    125.63    483320   2141956       104
22:16:22       302164   1333088   2212624     55.71    228136    591000   6244024    125.63    483320   2137908       104
22:16:23       302164   1333088   2212624     55.71    228136    591000   6245052    125.65    483320   2139092       104
22:16:24       302668   1333592   2212120     55.70    228136    591000   6244040    125.63    483320   2138012         4
22:16:25       302668   1333592   2212120     55.70    228144    590992   6245016    125.65    483320   2138832         4
22:16:26       315600   1346532   2199180     55.37    228144    591000   6247624    125.70    483328   2137300        68
22:16:27       327724   1358732   2186948     55.06    228144    591092   6244048    125.63    483328   2135244        68
22:16:28       327476   1358516   2187204     55.07    228144    591092   6244048    125.63    483328   2135136       104
22:16:29       327476   1358516   2187204     55.07    228144    591092   6244048    125.63    483328   2135152        36
22:16:30       327476   1358516   2187204     55.07    228144    591092   6244048    125.63    483328   2135268        40
22:16:31       326468   1357508   2188212     55.09    228144    591092   6245160    125.65    483328   2136724        40
22:16:32       325460   1356504   2189216     55.12    228152    591088   6245160    125.65    483328   2137016        44
22:16:33       324984   1356052   2189668     55.13    228152    591112   6245308    125.66    483352   2136064        40
22:16:34       324984   1356112   2189564     55.13    228152    591216   6245308    125.66    483416   2136032        40
22:16:35       324984   1356160   2189560     55.13    228152    591220   6245308    125.66    483460   2136068        44
22:16:36       324480   1355656   2190056     55.14    228152    591220   6246552    125.68    483460   2137272         4
22:16:37       316672   1347900   2197712     55.33    228160    591264   6247896    125.71    483464   2138508        52
22:16:38       312896   1344184   2201452     55.43    228160    591324   6245428    125.66    483472   2137664       180
22:16:39       312392   1343696   2201940     55.44    228160    591340   6245428    125.66    483472   2137960       196
22:16:40       315528   1346832   2198796     55.36    228160    591340   6226156    125.27    483472   2116300       196
22:16:41       321896   1353200   2192644     55.21    228160    591316   6225380    125.25    483472   2112292       112
22:16:42       347852   1379260   2166576     54.55    228160    591420   6224840    125.24    483472   2112048       136
22:16:43       347096   1378504   2167332     54.57    228168    591412   6222344    125.19    483472   2107164       136
22:16:44       346592   1378012   2167816     54.58    228168    591424   6222344    125.19    483480   2107116       220
22:16:45       391160   1422720   2123108     53.45    228168    591564   6221620    125.18    483620   2062712       220
22:16:46       389660   1421220   2124604     53.49    228168    591564   6221860    125.18    483620   2062760       132
22:16:47       389660   1421220   2124604     53.49    228168    591564   6212744    125.00    483620   2048476         0
22:16:48       398616   1430176   2115648     53.27    228168    591564   6215232    125.05    483624   2049212         4
22:16:49       408304   1439864   2105952     53.02    228176    591556   6215552    125.06    483620   2048872        40
22:16:50       403264   1434832   2110968     53.15    228176    591564   6212856    125.00    483628   2048708        84
22:16:51       407564   1439132   2106668     53.04    228176    591564   6212868    125.00    483628   2048512        84
22:16:52       407060   1438628   2107172     53.05    228176    591564   6212892    125.00    483628   2048696        84
22:16:53       406620   1438188   2107604     53.06    228176    591564   6212912    125.00    483628   2051256         0
22:16:54       405364   1436932   2108860     53.10    228176    591564   6212940    125.00    483628   2050620         4
22:16:55       405364   1436932   2108856     53.10    228176    591564   6212944    125.00    483628   2050464         4
22:16:56       408736   1440304   2105480     53.01    228176    591564   6212948    125.00    483628   2050772         4
22:16:57       406840   1438408   2107376     53.06    228184    591556   6214576    125.04    483628   2051496         4
22:16:58       405076   1436668   2109104     53.10    228184    591584   6213320    125.01    483636   2050172        40
22:16:59       404572   1436184   2109584     53.11    228188    591600   6213352    125.01    483644   2051348        68
22:17:00       402052   1433668   2112100     53.18    228188    591600   6216068    125.07    483644   2051796        68
22:17:01       402016   1433632   2112124     53.18    228188    591600   6214968    125.05    483652   2051888        68
22:17:02       403176   1434796   2110900     53.15    228196    591596   6213508    125.02    483788   2050988       152
22:17:03       403176   1434780   2110912     53.15    228196    591580   6213072    125.01    483796   2050792       256
22:17:04       403176   1434780   2110912     53.15    228196    591580   6213072    125.01    483796   2051212       248
22:17:05       402360   1433964   2111720     53.17    228196    591580   6213020    125.01    483796   2050952       252
22:17:06       402360   1433964   2111720     53.17    228196    591580   6213004    125.01    483796   2050900       252
22:17:07       406204   1437812   2107872     53.07    228196    591584   6213028    125.01    483796   2051040       120
22:17:08       404944   1436560   2109120     53.10    228204    591584   6213028    125.01    483804   2051056        68
22:17:09       404216   1435832   2109848     53.12    228204    591584   6212652    125.00    483804   2050612        68
22:17:10       402264   1433880   2111804     53.17    228204    591584   6214024    125.03    483804   2054576        60
22:17:11       402012   1433628   2112056     53.18    228204    591584   6215048    125.05    483804   2054664        60
22:17:12       400820   1432436   2113248     53.21    228204    591584   6217128    125.09    483804   2055360        60
22:17:13       398636   1430252   2115408     53.26    228216    591572   6215780    125.06    483808   2055092         4
22:17:14       398704   1430332   2115332     53.26    228220    591580   6215780    125.06    483812   2054960        12
22:17:15       398704   1430336   2115320     53.26    228224    591584   6215784    125.06    483812   2054956        12
22:17:16       398704   1430336   2115320     53.26    228228    591580   6215796    125.06    483812   2054344        12
22:17:17       398704   1430344   2115312     53.26    228232    591584   6215800    125.06    483812   2054520        12
22:17:18       398452   1430096   2115560     53.26    228244    591572   6216188    125.07    483812   2054784        12
22:17:19       401588   1433244   2112408     53.19    228248    591584   6215804    125.06    483820   2054004        28
22:17:20       396924   1428756   2116824     53.30    228268    591800   6219008    125.13    484108   2058556        60
22:17:21       394408   1426360   2119276     53.36    228276    591848   6220532    125.16    484116   2058880       200
22:17:22       394064   1426024   2119608     53.37    228284    591848   6219012    125.13    484116   2058688       200
22:17:23       392804   1424772   2120856     53.40    228288    591852   6222368    125.19    484120   2061224       204
22:17:24       392252   1424200   2121416     53.41    228292    591828   6220876    125.16    484116   2059672       204
22:17:25       387544   1419736   2125860     53.52    228304    592060   6219088    125.13    484128   2062860       448
22:17:26       387292   1419488   2126100     53.53    228308    592064   6219088    125.13    484128   2063012       448
22:17:27       385780   1417980   2127600     53.57    228312    592064   6219088    125.13    484128   2063044       484
22:17:28       385780   1417988   2127596     53.57    228316    592064   6219716    125.14    484128   2063268       484
22:17:29       385780   1417988   2127588     53.57    228320    592064   6219092    125.13    484128   2062964       480
22:17:30       388404   1420612   2124964     53.50    228324    592060   6218384    125.11    484128   2060276       480
22:17:31       387648   1419884   2125692     53.52    228340    592068   6218980    125.13    484136   2059988       496
22:17:32       386892   1419128   2126444     53.54    228344    592068   6218980    125.13    484136   2059828       488
22:17:33       386892   1419128   2126444     53.54    228348    592064   6218992    125.13    484132   2059752       488
22:17:34       386892   1419140   2126424     53.54    228352    592072   6218992    125.13    484136   2059220       492
22:17:35       383392   1415648   2129920     53.63    228356    592072   6221716    125.18    484136   2060208       496
22:17:36       404464   1436872   2108984     53.10    228368    592064   6220844    125.16    484136   2059596       480
22:17:37       407860   1440136   2105648     53.02    228372    592080   6218992    125.13    484144   2058800       496
22:17:38       407104   1439384   2106404     53.03    228376    592080   6218992    125.13    484144   2058840       496
22:17:39       406852   1439132   2106656     53.04    228380    592076   6219012    125.13    484144   2059176       496
22:17:40       405344   1437628   2108160     53.08    228384    592076   6219508    125.14    484148   2059332       532
22:17:41       405092   1437412   2108380     53.08    228392    592100   6219072    125.13    484160   2059236       568
22:17:42       403592   1436060   2109732     53.12    228392    592232   6218460    125.12    484192   2059764       764
22:17:43       403340   1435824   2109968     53.12    228392    592248   6218460    125.12    484192   2059904       784
22:17:44       403340   1435824   2109968     53.12    228392    592248   6218076    125.11    484192   2057760       784
22:17:45       403340   1435800   2109992     53.12    228392    592224   6218016    125.11    484192   2057320       784
22:17:46       403340   1435800   2109992     53.12    228400    592216   6218144    125.11    484192   2058064       784
22:17:47       397800   1430268   2115524     53.26    228400    592224   6221624    125.18    484196   2058744       776
22:17:48       394280   1426748   2119044     53.35    228400    592224   6218152    125.11    484200   2057896       780
22:17:49       394028   1426496   2119296     53.36    228400    592224   6218152    125.11    484200   2058340       632
22:17:50       394028   1426496   2119296     53.36    228400    592224   6218156    125.11    484200   2058084       568
22:17:51       394028   1426496   2119296     53.36    228400    592224   6218160    125.11    484200   2058232       568
22:17:52       394028   1426496   2119288     53.36    228408    592224   6218164    125.11    484200   2058068       572
22:17:53       394028   1426496   2119288     53.36    228408    592224   6218164    125.11    484200   2058916       568
22:17:54       394028   1426496   2119288     53.36    228408    592224   6218184    125.11    484200   2058144       528
22:17:55       393524   1426000   2119792     53.37    228408    592224   6220304    125.15    484208   2060120       532
22:17:56       392012   1424492   2121300     53.41    228408    592228   6219244    125.13    484208   2060028       536
22:17:57       392012   1424492   2121300     53.41    228408    592228   6219248    125.13    484208   2060232       536
22:17:58       387980   1420460   2125332     53.51    228408    592228   6221972    125.19    484208   2060576       536
22:17:59       392104   1424584   2121208     53.41    228416    592220   6221108    125.17    484204   2060772       388
22:18:00       404048   1436536   2109256     53.11    228416    592228   6219268    125.13    484216   2059804       284
22:18:01       403544   1436032   2109760     53.12    228416    592228   6219304    125.13    484216   2060160       288
22:18:02       401784   1434284   2111504     53.16    228416    592244   6219396    125.13    484216   2060988       324
22:18:03       401784   1434288   2111500     53.16    228420    592244   6219396    125.13    484220   2060892       324
22:18:04       404340   1436872   2108920     53.10    228428    592260   6219408    125.13    484232   2060700        12
22:18:05       404088   1436620   2109172     53.10    228428    592260   6219420    125.13    484232   2060768        12
22:18:06       408480   1441012   2104780     52.99    228428    592260   6219420    125.13    484232   2061120        12
22:18:07       401932   1434452   2110816     53.15    228428    592248   6223088    125.21    484232   2062520         4
22:18:08       397900   1430420   2114648     53.24    228428    592248   6223208    125.21    484228   2062584         4
22:18:09       394380   1426900   2118564     53.34    228428    592248   6221696    125.18    484232   2061256         4
22:18:10       387116   1419636   2125652     53.52    228436    592240   6225060    125.25    484224   2063516         4
22:18:11       386868   1419384   2126232     53.53    228436    592248   6221696    125.18    484244   2061752       104
22:18:12       380828   1413344   2132120     53.68    228436    592248   6222944    125.21    484252   2062832       100
22:18:13       399020   1431564   2114032     53.23    228436    592248   6221072    125.17    484240   2061864       104
22:18:14       390460   1423004   2121988     53.43    228436    592248   6223072    125.21    484240   2062892       104
22:18:15       389704   1422248   2123024     53.45    228436    592248   6221828    125.18    484236   2062660       104
22:18:16       383160   1415704   2129416     53.61    228436    592248   6223388    125.21    484240   2063516       104
22:18:17       382656   1415252   2130464     53.64    228444    592292   6221932    125.19    484248   2063252       164
22:18:18       382656   1415256   2130480     53.64    228444    592296   6221932    125.19    484248   2063108       156
22:18:19       382432   1415032   2130704     53.65    228444    592296   6221932    125.19    484248   2063140       156
22:18:20       382432   1415032   2130704     53.65    228444    592296   6221932    125.19    484248   2063208       156
22:18:21       382432   1415032   2130704     53.65    228444    592296   6223472    125.22    484248   2063892       156
22:18:22       380168   1412776   2132964     53.70    228452    592296   6223788    125.22    484252   2063664       160
22:18:23       379668   1412292   2133448     53.72    228452    592312   6221988    125.19    484256   2063420       172
22:18:24       379668   1412296   2133444     53.72    228452    592316   6221988    125.19    484256   2063480       176
22:18:25       379668   1412296   2133444     53.72    228452    592316   6221988    125.19    484256   2062960       176
22:18:26       379672   1412304   2133392     53.71    228452    592320   6219624    125.14    484256   2062236       180
22:18:27       379676   1412296   2133432     53.71    228460    592300   6219624    125.14    484264   2061736       216
22:18:28       384096   1416720   2129008     53.60    228460    592304   6219572    125.14    484264   2061780       204
22:18:29       383844   1416468   2129260     53.61    228460    592304   6219572    125.14    484264   2061840       204
22:18:30       383340   1415964   2129764     53.62    228460    592304   6219572    125.14    484264   2062196       204
22:18:31       383340   1415968   2129760     53.62    228460    592308   6219580    125.14    484264   2061916       208
22:18:32       383340   1415976   2129752     53.62    228468    592308   6219580    125.14    484272   2062240       208
22:18:33       385776   1418412   2127316     53.56    228468    592308   6222000    125.19    484268   2062848       200
22:18:34       382872   1415508   2130220     53.63    228468    592308   6222000    125.19    484268   2062648       200
22:18:35       381616   1414252   2131484     53.67    228468    592308   6219588    125.14    484272   2061584       204
22:18:36       381364   1414000   2131736     53.67    228468    592308   6219540    125.14    484272   2061788       204
22:18:37       380860   1413500   2132232     53.68    228476    592308   6219540    125.14    484272   2062440       208
22:18:38       382820   1415468   2130268     53.64    228476    592312   6219540    125.14    484280   2062744       208
22:18:39       382568   1415216   2130520     53.64    228476    592312   6219540    125.14    484280   2062536       208
22:18:40       381840   1414492   2131244     53.66    228480    592312   6220156    125.15    484280   2062888        88
22:18:41       380832   1413488   2132248     53.68    228484    592312   6220532    125.16    484280   2062984        88
22:18:42       380832   1413584   2132152     53.68    228488    592404   6220532    125.16    484280   2063108       216
22:18:43       380076   1412840   2132896     53.70    228500    592404   6221728    125.18    484288   2062976       252
22:18:44       379824   1412592   2133144     53.71    228508    592400   6221836    125.18    484288   2063416       252
22:18:45       379068   1411892   2133844     53.73    228512    592452   6224356    125.23    484296   2065644       276
22:18:46       379068   1411896   2133836     53.72    228516    592452   6221636    125.18    484296   2065152       280
22:18:47       379068   1411912   2133824     53.72    228520    592464   6221620    125.18    484296   2065180       292
22:18:49       379068   1411900   2133836     53.72    228532    592440   6221620    125.18    484304   2065640       328
22:18:50       380104   1412940   2132792     53.70    228540    592440   6221572    125.18    484304   2061824       328
22:18:51       380104   1412944   2132788     53.70    228544    592440   6221576    125.18    484304   2061704       180
22:18:52       387176   1420028   2125708     53.52    228548    592444   6221576    125.18    484304   2061776       136
22:18:53       387176   1420032   2125704     53.52    228552    592444   6221576    125.18    484304   2061800       136
22:18:54       387176   1420032   2125700     53.52    228556    592444   6221576    125.18    484304   2061800       136
22:18:55       387176   1420036   2125696     53.52    228568    592436   6221576    125.18    484304   2061808       136
22:18:56       387176   1420048   2125684     53.52    228572    592444   6221576    125.18    484312   2061608       160
22:18:57       384152   1417032   2128704     53.60    228576    592444   6223428    125.22    484312   2062604       140
22:18:58       384048   1416932   2128812     53.60    228580    592444   6223560    125.22    484308   2062692       140
22:18:59       386720   1419612   2126132     53.53    228588    592444   6221576    125.18    484312   2061952       140
22:19:00       384456   1417352   2128392     53.59    228592    592444   6221576    125.18    484312   2062452       144
22:19:01       384456   1417352   2128384     53.59    228596    592444   6221576    125.18    484312   2061688       144
22:19:02       384456   1417356   2128372     53.59    228608    592444   6221576    125.18    484312   2061580       148
22:19:03       384456   1417372   2128368     53.59    228612    592444   6221576    125.18    484320   2061644       148
22:19:04       384216   1417148   2128592     53.59    228616    592444   6221576    125.18    484320   2061520       148
22:19:05       383964   1416900   2128840     53.60    228620    592444   6222828    125.20    484320   2061856       144
22:19:06       387112   1420088   2125652     53.52    228624    592460   6221628    125.18    484324   2061896       164
22:19:07       386608   1419588   2126152     53.53    228628    592460   6221628    125.18    484324   2062060       164
22:19:08       386608   1419592   2126152     53.53    228632    592460   6221012    125.17    484324   2061672       164
22:19:09       384752   1417736   2128000     53.58    228632    592460   6222880    125.20    484312   2062752       164
22:19:10       383872   1416856   2128868     53.60    228640    592452   6223384    125.21    484328   2062700       164
22:19:11       383924   1416904   2128804     53.60    228640    592448   6220964    125.17    484332   2061792       176
22:19:12       383924   1416904   2128804     53.60    228640    592448   6220964    125.17    484332   2062692       176
22:19:13       383672   1416652   2129056     53.60    228640    592448   6220968    125.17    484332   2061960       180
22:19:14       383420   1416400   2129300     53.61    228640    592448   6220968    125.17    484332   2061916       180
22:19:15       387232   1420212   2125488     53.51    228640    592448   6220980    125.17    484332   2062012       180
22:19:16       387232   1420212   2125496     53.51    228648    592440   6220980    125.17    484332   2062204       180
22:19:17       387232   1420212   2125488     53.51    228648    592448   6220964    125.17    484332   2062312        28
22:19:18       387232   1420220   2125488     53.51    228648    592448   6220964    125.17    484340   2062204        24
22:19:19       387232   1420220   2125488     53.51    228648    592448   6220964    125.17    484340   2062204        24
22:19:20       386728   1419716   2125992     53.53    228648    592448   6222504    125.20    484340   2062648        24
22:19:21       385720   1418708   2126992     53.55    228648    592448   6222816    125.20    484336   2063128        24
22:19:22       382780   1415776   2129896     53.63    228656    592448   6222048    125.19    484348   2064668        28
22:19:23       382528   1415524   2130148     53.63    228656    592448   6222060    125.19    484348   2065948        28
22:19:24       381520   1414516   2131156     53.66    228656    592448   6222064    125.19    484348   2065524        28
22:19:25       381520   1414516   2131152     53.66    228656    592448   6222068    125.19    484348   2065384        28
22:19:26       381268   1414264   2131404     53.66    228656    592448   6222068    125.19    484348   2065924        28
22:19:27       380512   1413532   2132128     53.68    228664    592464   6222132    125.19    484356   2066068       104
22:19:28       380008   1413028   2132632     53.69    228664    592464   6222132    125.19    484356   2066228       104
22:19:29       380008   1413028   2132632     53.69    228664    592464   6222136    125.19    484356   2066176       104
22:19:30       380008   1413028   2132632     53.69    228664    592464   6222136    125.19    484356   2066236       104
22:19:31       379000   1412020   2133640     53.72    228664    592464   6221940    125.19    484356   2064624       104
22:19:32       379000   1412016   2133640     53.72    228672    592452   6223780    125.22    484356   2065168       104
22:19:33       379000   1412024   2133624     53.72    228672    592460   6223852    125.22    484360   2065572       112
22:19:34       378504   1411528   2134108     53.73    228672    592460   6221968    125.19    484364   2064796       112
22:19:35       378504   1411528   2134108     53.73    228672    592460   6221648    125.18    484364   2063612       112
22:19:36       378504   1411528   2134108     53.73    228672    592460   6221908    125.18    484364   2064616       112
22:19:37       378504   1411528   2134108     53.73    228672    592460   6222536    125.20    484364   2064908       104
22:19:38       378504   1411528   2134108     53.73    228672    592460   6221916    125.19    484364   2064768       104
22:19:39       378504   1411528   2134108     53.73    228672    592460   6221916    125.19    484364   2064664       104
22:19:40       378504   1411528   2134108     53.73    228672    592460   6221916    125.19    484364   2064664       104
22:19:41       378504   1411528   2134108     53.73    228672    592460   6221916    125.19    484364   2065056       104
22:19:42       378504   1411528   2134108     53.73    228680    592452   6221920    125.19    484364   2065016       100
22:19:43       378504   1411536   2134096     53.73    228680    592460   6221920    125.19    484372   2065832       240
22:19:44       384388   1417420   2128208     53.58    228680    592460   6224364    125.23    484368   2065940       240
22:19:45       393312   1426344   2119268     53.36    228680    592460   6221948    125.19    484368   2065236       240
22:19:46       393312   1426344   2119264     53.36    228680    592460   6221948    125.19    484372   2065048       240
22:19:47       392812   1425844   2119760     53.37    228680    592460   6221948    125.19    484372   2065280       244
22:19:48       392812   1425844   2119760     53.37    228688    592452   6221948    125.19    484372   2065132       244
22:19:49       392812   1425844   2119752     53.37    228688    592460   6221956    125.19    484372   2065148       248
22:19:50       392812   1425852   2119752     53.37    228688    592460   6221956    125.19    484380   2065416       248
22:19:51       392812   1425852   2119752     53.37    228688    592460   6221968    125.19    484380   2065152       248
22:19:52       392812   1425852   2119752     53.37    228688    592460   6221968    125.19    484380   2065152       244
22:19:53       392812   1425852   2119752     53.37    228688    592460   6221968    125.19    484380   2065152       160
22:19:54       390500   1423540   2122064     53.43    228688    592460   6221972    125.19    484376   2065144       160
22:19:55       390352   1423392   2122208     53.43    228688    592460   6225316    125.25    484376   2067548       160
22:19:56       396008   1429048   2116544     53.29    228688    592460   6224392    125.23    484376   2066308       160
22:19:57       413472   1446416   2099188     52.85    228688    592460   6177028    124.28    484664   2045936       136
22:19:58       413472   1446416   2099188     52.85    228688    592460   6177028    124.28    484664   2045936       136
22:19:59       413472   1446416   2099188     52.85    228688    592460   6177028    124.28    484664   2045936       136
22:20:00       413472   1446416   2099188     52.85    228688    592460   6178276    124.31    484664   2046156       136
22:20:01       413024   1445968   2099636     52.86    228688    592460   6178284    124.31    485152   2045660       136
22:20:02       413024   1445968   2099644     52.86    228696    592456   6178284    124.31    485152   2045784       152
22:20:03       413024   1445976   2099640     52.86    228696    592460   6178284    124.31    485160   2045956       152
22:20:04       413024   1445976   2099640     52.86    228696    592460   6178284    124.31    485184   2046260       152
22:20:05       413024   1445976   2099640     52.86    228696    592460   6178284    124.31    485184   2046412       152
22:20:06       413024   1445976   2099640     52.86    228696    592460   6178292    124.31    485184   2046356       152
22:20:07       411792   1444748   2100868     52.89    228700    592460   6181644    124.37    485184   2047132       152
22:20:08       411036   1443992   2101616     52.91    228704    592456   6181640    124.37    485308   2046852       152
22:20:09       411036   1443996   2101596     52.91    228708    592456   6178916    124.32    485312   2046076       152
22:20:10       411036   1444000   2101588     52.91    228712    592460   6178916    124.32    485312   2046136       152
22:20:11       411036   1444000   2101588     52.91    228716    592456   6178920    124.32    485312   2045968       152
22:20:12       411036   1444004   2101580     52.91    228720    592460   6178920    124.32    485312   2046004       152
22:20:13       411036   1444008   2101576     52.91    228724    592460   6178920    124.32    485312   2046124        20
22:20:14       411036   1444008   2101576     52.91    228728    592456   6179972    124.34    485312   2047564        20
22:20:15       411036   1444020   2101568     52.91    228732    592460   6179972    124.34    485312   2047476        20
22:20:16       410812   1443796   2101792     52.92    228740    592452   6179972    124.34    485312   2047268        20
22:20:17       410812   1443808   2101780     52.92    228744    592460   6179972    124.34    485312   2047164        20
22:20:18       410812   1443808   2101780     52.92    228748    592456   6181512    124.37    485312   2048052        20
22:20:19       407788   1440792   2104800     52.99    228752    592456   6183576    124.41    485312   2048296        20
22:20:20       418904   1451916   2093648     52.71    228756    592460   6179980    124.34    485312   2047320        20
22:20:21       418904   1451916   2093648     52.71    228760    592456   6179980    124.34    485312   2047320        20
22:20:22       418904   1451920   2093640     52.71    228764    592460   6179984    124.34    485312   2047376        20
22:20:23       418904   1451920   2093636     52.71    228768    592460   6179984    124.34    485312   2047376        20
22:20:24       418904   1451920   2093636     52.71    228772    592456   6179984    124.34    485312   2047416        20
22:20:25       417896   1450936   2094628     52.74    228780    592464   6181176    124.37    485320   2048116        28
22:20:26       417392   1450432   2095128     52.75    228784    592464   6179984    124.34    485312   2047504        28
22:20:27       412348   1445404   2099700     52.87    228796    592464   6181700    124.38    485320   2048036        44
22:20:28       408064   1441124   2104288     52.98    228800    592464   6183708    124.42    485316   2049084        44
22:20:29       393904   1427016   2118444     53.34    228804    592512   6183672    124.42    485344   2052544        44
22:20:30       392168   1425280   2120360     53.39    228808    592508   6186396    124.47    485472   2055292        44
22:20:31       387432   1425588   2120020     53.38    228820    597688   6188264    124.51    486516   2058828        36
22:20:32       382388   1420880   2124452     53.49    228824    597840   6184112    124.42    486648   2058344       176
22:20:33       381140   1419752   2125420     53.51    228828    597956   6182500    124.39    486744   2057552       180
22:20:34       380900   1419548   2125768     53.52    228832    597956   6183764    124.42    486740   2058708        88

Average:       366141   1401455   2144172     53.99    230818    592178   6220376    125.15    487112   2083001       345
